30.735 30.891  31.110|31.356  31.356  31.731
34.601 34.381  34.692|35.222  34.847  35.157
21.093 21.249  21.249|21.714  21.714  21.870
21.029 21.249  21.404|21.650  21.870  21.870
32.234 32.170  32.481|32.855  32.636  32.791
31.795 32.015  31.860|32.261  32.636  32.481
22.683 22.309  22.528|23.149  22.930  23.149
22.218 22.373  22.153|22.839  22.994  22.774
21.779 21.623  21.843|22.244  22.244  22.464
22.218 22.153  22.153|22.839  22.774  22.774
31.265 31.485        |31.576  32.106
--------------------------------------------------------------------------------------------------
16.157 |16.157
15.408 |15.408
16.998 |16.842
16.687 |16.377
16.157 |16.002
--------------------------------------------------------------------------------------------------











